saas.sin.fan:443#▼ 优选域名 TOP10 | 05-19 20:11 | 灵鹿优选
8.cf.3666888.xyz:443#8.cf.3666888.xyz
cdn.204910.best:443#cdn.204910.best
yg1.ygkkk.dpdns.org:443#yg1.ygkkk.dpdns.org
test2.509666.xyz:443#test2.509666.xyz
yyurl.cc:443#yyurl.cc
cf.553314.xyz:443#cf.553314.xyz
staticdelivery.nexusmods.com:443#staticdelivery.nexusmods.com
6.cf.3666888.xyz:443#6.cf.3666888.xyz
11.cf.3666888.xyz:443#11.cf.3666888.xyz
cf.3666888.xyz:443#cf.3666888.xyz
bestcf.030101.xyz:443#▲ 优选域名 | 灵鹿优选 | VPS789 7*24监测
