saas.sin.fan:443#▼ 优选域名 TOP10 | 05-23 21:04 | 灵鹿优选
123.cf.3666888.xyz:443#123.cf.3666888.xyz
cfip-ct.stoeaves.us.ci:443#cfip-ct.stoeaves.us.ci
cdn.31514926.xyz:443#cdn.31514926.xyz
baka.fun:443#baka.fun
zeas.top:443#zeas.top
cloudflare.cnae.top:443#cloudflare.cnae.top
cloudflare.idc.rocks:443#cloudflare.idc.rocks
youxuan.cf.636949.xyz:443#youxuan.cf.636949.xyz
avido.cf.3666888.xyz:443#avido.cf.3666888.xyz
test2.509666.xyz:443#test2.509666.xyz
bestcf.030101.xyz:443#▲ 优选域名 | 灵鹿优选 | VPS789 7*24监测
