saas.sin.fan:443#▼ 优选域名 TOP10 | 05-25 22:37 | 灵鹿优选
4.cf.3666888.xyz:443#4.cf.3666888.xyz
cfsaas.080112.xyz:443#cfsaas.080112.xyz
store.ubi.com:443#store.ubi.com
cf.3666888.xyz:443#cf.3666888.xyz
cdn.262832.xyz:443#cdn.262832.xyz
dnew.cc:443#dnew.cc
2.cf.3666888.xyz:443#2.cf.3666888.xyz
yg11.ygkkk.dpdns.org:443#yg11.ygkkk.dpdns.org
cmcc.cc.cd:443#cmcc.cc.cd
test2.509666.xyz:443#test2.509666.xyz
bestcf.030101.xyz:443#▲ 优选域名 | 灵鹿优选 | VPS789 7*24监测
