saas.sin.fan:443#▼ 优选域名 TOP10 | 05-23 22:54 | 灵鹿优选
qocu.cf.3666888.xyz:443#qocu.cf.3666888.xyz
123.cf.3666888.xyz:443#123.cf.3666888.xyz
2.cf.3666888.xyz:443#2.cf.3666888.xyz
www.mfyx.cn:443#www.mfyx.cn
cdn.31514926.xyz:443#cdn.31514926.xyz
baka.fun:443#baka.fun
cloudflare.idc.rocks:443#cloudflare.idc.rocks
youxuan.cf.636949.xyz:443#youxuan.cf.636949.xyz
test2.509666.xyz:443#test2.509666.xyz
8.cf.3666888.xyz:443#8.cf.3666888.xyz
bestcf.030101.xyz:443#▲ 优选域名 | 灵鹿优选 | VPS789 7*24监测
