saas.sin.fan:443#▼ 优选域名 TOP10 | 05-24 06:44 | 灵鹿优选
5.cf.3666888.xyz:443#5.cf.3666888.xyz
baka.fun:443#baka.fun
test2.509666.xyz:443#test2.509666.xyz
cfvip.cf.3666888.xyz:443#cfvip.cf.3666888.xyz
bbs.alipansou.com:443#bbs.alipansou.com
api.gzcrtw.com:443#api.gzcrtw.com
cloudflare.rainyfall.com:443#cloudflare.rainyfall.com
2.cf.3666888.xyz:443#2.cf.3666888.xyz
cf.553314.xyz:443#cf.553314.xyz
cfip-ct.stoeaves.us.ci:443#cfip-ct.stoeaves.us.ci
bestcf.030101.xyz:443#▲ 优选域名 | 灵鹿优选 | VPS789 7*24监测
