saas.sin.fan:443#▼ 优选域名 TOP20 | 05-26 06:03 | 灵鹿优选
yg1.ygkkk.dpdns.org:443#yg1.ygkkk.dpdns.org
cloudflare.468123.xyz:443#cloudflare.468123.xyz
www.mc.js.cool:443#www.mc.js.cool
2.cf.3666888.xyz:443#2.cf.3666888.xyz
test.509666.xyz:443#test.509666.xyz
openai.com:443#openai.com
gh-proxy.com:443#gh-proxy.com
www.cdzxdz.com:443#www.cdzxdz.com
cmcc.cc.cd:443#cmcc.cc.cd
test2.509666.xyz:443#test2.509666.xyz
cfsaas.080112.xyz:443#cfsaas.080112.xyz
www.xiaoshuofen.com:443#www.xiaoshuofen.com
yg11.ygkkk.dpdns.org:443#yg11.ygkkk.dpdns.org
10.cf.3666888.xyz:443#10.cf.3666888.xyz
chrono24.com:443#chrono24.com
cfip-cu.stoeaves.us.ci:443#cfip-cu.stoeaves.us.ci
cf.727672.xyz:443#cf.727672.xyz
yd.hhhhh.eu.org:443#yd.hhhhh.eu.org
china-telecom.cname.cloudflare.468123.xyz:443#china-telecom.cname.cloudflare.468123.xyz
i.111666.best:443#i.111666.best
bestcf.030101.xyz:443#▲ 优选域名 | 灵鹿优选 | VPS789 7*24监测
