saas.sin.fan:443#▼ 优选域名 TOP20 | 05-31 06:50 | 灵鹿优选
openai.com:443#openai.com
123.cf.3666888.xyz:443#123.cf.3666888.xyz
cdn.2158.cc:443#cdn.2158.cc
freeyx.cloudflare88.eu.org:443#freeyx.cloudflare88.eu.org
vip.cf.3666888.xyz:443#vip.cf.3666888.xyz
adnjv.cf.3666888.xyz:443#adnjv.cf.3666888.xyz
test.509666.xyz:443#test.509666.xyz
cmcc.vvvv.ee:443#cmcc.vvvv.ee
www.akasantech.com:443#www.akasantech.com
yyurl.cc:443#yyurl.cc
www.fastsoso.cn:443#www.fastsoso.cn
gh-proxy.com:443#gh-proxy.com
cdn.7zz.cn:443#cdn.7zz.cn
cdn.cf.3666888.xyz:443#cdn.cf.3666888.xyz
cf.92555.xyz:443#cf.92555.xyz
cloudflare.cnae.top:443#cloudflare.cnae.top
zeas.top:443#zeas.top
test2.509666.xyz:443#test2.509666.xyz
cf-cname.xingpingcn.top:443#cf-cname.xingpingcn.top
www.epicgames.com:443#www.epicgames.com
bestcf.030101.xyz:443#▲ 优选域名 | 灵鹿优选 | VPS789 7*24监测
